FLASK_APP=flaskapp
FLASK_ENV=development

AMIDA_LAT = 38.906350
AMIDA_LONG = -77.039100

DUP_LAT = 38.909700
DUP_LONG = -77.043300
